1000
6679 9828
4879 120
2478 7718
1383 3648
792 7548
2232 8523
6143 2656
3782 1436
9752 6385
9753 8573
7645 6337
4499 1257
7554 8022
1388 6922
7914 1147
5031 9019
7025 3078
765 4340
705 1857
1159 5123
9112 5395
926 2399
6886 1839
229 5453
3402 794
8939 8598
1028 4350
2676 1661
6642 7428
5487 6347
7085 596
3080 6452
6562 773
1693 9490
6060 8241
6218 8183
9631 1608
3335 893
8381 5938
6287 9536
6571 7375
6441 3664
1794 841
7721 6346
9648 7703
2966 5437
3655 8202
2716 7423
2731 617
5457 4736
838 7815
9745 2236
2037 905
2500 3884
9634 6379
621 8571
3427 9330
6011 3363
8503 8714
2778 9679
6686 6991
7520 5569
2824 1582
2259 7708
4586 2003
2000 6632
5719 3442
4771 2539
7331 8856
5308 868
3039 9273
8741 5528
1 1
6783 8672
4956 5023
1069 4879
1483 53
8766 1662
9176 4270
1413 9001
7337 5634
9882 5577
8767 6602
3712 1267
3967 9181
6799 9262
2907 2277
2009 7294
808 6400
4511 8949
3944 3674
2436 4007
3151 4032
6166 2788
8448 4116
9498 1616
1039 7670
47 7124
3662 623
6136 1676
6715 214
2629 1560
95 7965
1472 5374
1982 5995
7562 4172
3571 8186
8638 4817
6651 4224
5802 403
1455 6888
8987 5248
2901 815
9056 3439
701 4986
460 2942
8494 6909
6070 4644
3913 9531
2027 4886
5371 4155
456 469
325 4231
4283 6604
8094 9237
3673 5580
7165 7200
1967 8441
1745 9694
852 76
331 7786
4715 7322
1841 2833
8547 8777
3987 1550
1648 4800
4455 7928
9026 46
4079 7097
6827 6120
3208 136
3324 6773
7163 2590
4606 7123
3013 7778
9227 6434
4081 1503
1853 7222
5674 1706
8331 2608
1092 5215
2769 771
4403 4747
4327 1265
2088 1689
6415 6429
1337 9528
8521 7056
9415 8905
6761 2375
4760 9459
6893 5834
2397 8233
3138 3436
6531 4633
7078 7399
9620 8564
2133 8536
7461 427
191 2869
2688 1062
3270 9516
6209 941
9578 5885
3507 9913
9367 3124
4962 978
643 4906
5345 5457
4523 4604
1331 28
8829 9032
116 8327
8637 1213
4263 2864
4138 1450
7135 9352
1000 4212
5937 6287
2494 9330
638 5999
1280 1914
2676 1421
4188 4740
5836 7501
5039 5516
843 1997
5471 2771
4971 3543
560 1308
3057 4874
2537 3753
8302 6848
9598 8733
5480 7559
5582 3081
7393 7161
2668 2442
5341 1798
320 7967
934 2615
8102 5046
9522 6492
4812 4494
7961 7173
6261 172
7241 9890
2139 5368
9444 1220
1902 1679
2951 1436
8072 5209
6507 5785
2388 5019
9781 964
5752 9140
5320 8127
8280 8753
1367 5615
4740 1467
8478 8023
3791 1309
4065 8190
9080 9273
6897 2990
4674 1499
2844 6910
8814 4939
5563 2103
1142 1573
2204 4392
2506 1193
9288 2515
4222 1277
1301 552
7527 7337
299 6287
4275 7608
7160 9976
2344 5596
8685 1830
754 7792
4969 8125
2271 4341
3996 9265
2484 3416
3667 6240
5064 6144
2288 1645
494 8411
1625 638
9366 9368
6814 540
3227 1036
3542 8296
5068 5543
1145 4026
8132 7774
357 9378
60 5337
3923 4273
5886 2476
1377 3446
218 8696
4848 1460
515 1026
261 6825
6760 5672
6802 6207
4542 5249
5076 3812
2 8244
7300 6252
7418 2277
1816 2044
9107 3766
9778 1742
3434 9066
390 5170
8142 9098
9182 2825
5314 9914
4976 8217
6133 9282
2188 4863
732 1215
544 9342
8516 7906
4254 4259
9603 286
75 7883
5798 2852
7912 1208
4066 3881
8146 8114
7934 4052
5820 9218
5844 5483
3458 6999
9990 6845
445 3467
2693 9823
3580 7549
8362 2657
8495 8487
527 7864
5013 3575
60 2132
2293 1752
2869 4465
6006 5904
9001 6344
6441 9969
6370 9525
8475 3506
6522 9089
7270 4062
706 8808
8663 7249
6674 2474
7896 7456
6718 7763
2590 5345
1278 8829
5505 7677
9779 515
1873 5779
671 7141
7877 2325
843 5913
8948 6226
233 4199
670 9837
130 7290
962 2339
2438 947
9999 9998
1481 4280
918 5639
3914 1015
6749 7599
3653 4573
9339 4363
2120 1228
6273 2614
5296 2438
180 7960
5547 4133
5270 1138
3245 8773
8956 2402
9789 4822
1279 3155
7343 165
2957 7684
7282 1378
5608 4750
6426 5337
9844 4896
1445 1539
7459 1317
1143 1509
2323 7659
9736 3077
1380 8619
8947 2146
2045 9102
6479 8691
1622 8076
5144 484
6588 389
1381 2759
9818 6282
1186 3351
7445 4467
285 92
7349 9529
3954 4148
8913 2427
9457 7758
4394 8627
9749 7376
477 9487
7877 8296
1843 7891
5877 8220
6002 2516
1060 5844
428 196
6637 8077
1117 1083
10000 9999
3775 730
9144 3997
871 8216
5749 1825
2551 8351
2546 9351
6652 6990
4734 9999
9432 3502
3148 9206
2080 3975
5245 2476
9940 9107
1 10000
2916 5600
7974 7050
7879 4016
8746 9615
3732 4362
8500 8309
3547 1833
8850 8039
9819 8658
8186 775
1260 1199
4183 4424
9780 9297
6090 8340
1404 783
7277 462
5050 6026
5560 4406
9495 8100
3942 3874
2416 9818
1519 2321
9623 800
2557 8865
8609 2923
217 3216
2584 3886
5358 1172
6216 6087
5522 8741
9324 609
7258 8360
6808 3450
9437 2444
4534 1845
8534 5799
7228 3919
693 9128
2938 9292
8412 9028
5270 4065
2964 7835
2738 617
8663 8201
6347 4411
4390 2672
2746 4816
9978 2451
5165 5111
7933 3331
7828 5963
3937 9332
8550 8849
9829 3375
9268 501
8846 8184
9203 3284
7410 3454
7748 9530
1940 4344
5053 2875
2924 4436
9640 9556
4294 4280
1177 401
9457 3620
290 2318
3183 4964
4920 4481
9050 6560
4773 7772
9835 3301
9654 1629
7459 3819
1485 2680
5412 7816
1295 6778
3974 3722
1357 9829
5141 2774
1052 8025
4335 7477
7215 7855
9993 3100
2793 1998
7393 8098
6694 5528
43 500
9025 8763
2095 5522
2902 9203
7223 9216
3416 3493
9235 5368
4097 4252
6839 9013
9847 373
1513 2920
7283 1204
1862 6533
4938 9736
5052 6717
3958 7577
9983 8051
5564 503
5454 1073
405 7923
1829 8227
3912 4549
5324 8832
4212 5359
7860 4158
7769 919
782 8652
9326 4312
7742 6672
7505 1647
5762 2833
9341 5111
6782 6077
9133 3511
7521 4066
4716 8209
6375 8982
127 5091
2703 8417
4135 2232
2525 5288
2874 3286
2855 3458
7256 1040
3665 1772
1800 1835
8947 2711
5467 3475
8720 8543
2518 5605
2431 1708
8706 116
548 5163
9789 4646
7222 1579
7985 8175
8768 4331
1138 4715
2291 2736
2138 2869
8584 7241
2974 7485
1648 9694
6881 6324
6694 5106
3350 1448
8169 6895
7632 7316
3492 2369
8243 8359
6576 7159
1194 2034
2215 2831
850 5292
2497 808
883 1128
9994 1872
4332 4932
8519 4350
1973 7002
6214 1735
2877 7088
637 6836
4596 1330
8200 1584
3984 5988
9150 9844
8115 8811
8034 8252
9216 2795
340 7073
7555 9296
3615 8304
1025 5896
7834 9024
2290 8933
8410 6317
2732 3958
7821 6121
1088 60
2743 9872
1589 4679
2870 8706
5714 2425
3311 371
5063 8312
9457 7084
2835 1238
6711 6329
5356 946
9249 1746
3685 4462
1561 8589
929 2873
3088 4264
2747 9564
8881 7218
5552 4959
6354 8201
5809 1340
6984 651
7828 8081
1946 5239
6786 5896
8235 7587
3480 9800
6802 6398
4471 244
4564 3437
8102 3729
958 857
294 978
9222 3453
7219 973
8833 7402
2367 941
9908 1636
1105 4728
2982 4628
9088 7904
4218 4103
7698 1796
9151 4011
8273 3855
3161 9599
4499 342
9032 4106
9599 124
2758 3793
9085 1479
6620 764
2741 5762
787 6487
5796 2492
357 4114
3037 6205
4076 8283
1396 9118
7567 2698
8634 6255
250 3194
2518 4145
1597 3909
3152 3372
4330 9070
2726 6391
7713 7591
8130 2885
3174 3818
8263 7229
3551 3786
9313 7664
3609 153
645 1868
9474 5490
6947 4253
110 5727
7409 8184
9485 241
4592 3777
7929 269
4871 2468
9426 5107
6118 8614
9308 4255
7178 2179
9357 274
6213 759
2 9889
9365 1000
377 7499
3986 5040
6638 9548
6571 893
2984 9926
4408 6243
6931 3221
1631 5855
758 9384
1673 8795
9973 8414
8131 9199
9950 900
9952 1052
3285 977
8556 4081
5466 757
1145 2192
4576 4931
3484 6320
7695 1709
1702 6826
7561 8374
5502 7078
1790 5111
4379 8430
1409 5917
1796 6296
1658 7831
1290 7326
6644 2363
6907 5599
9247 4144
2199 7365
2590 1227
1780 2359
1136 7716
4964 7663
4657 2096
4292 3283
7752 1359
5437 6438
4936 4382
3996 6326
8658 1852
1444 5373
879 7534
1721 2355
144 7693
540 4672
1423 2941
1012 5364
909 7157
7065 6809
4749 8604
2265 1229
7958 6585
4198 4515
1491 200
1708 2529
5276 9361
6709 3442
9404 6434
3382 6835
2427 9747
7713 536
8740 8191
1275 4230
302 1392
5262 5400
908 8961
8766 8061
7407 4627
630 3350
8929 6451
3450 6762
4690 2448
8997 7628
3253 9552
1194 7609
754 1106
1341 2997
1283 6251
1817 3005
8145 9163
1425 1493
6127 8383
7754 7305
9947 3407
4549 4406
3187 9063
7968 8264
1227 4744
6372 6411
377 831
4078 7629
9164 7650
9968 8551
950 2704
5807 1890
3728 4064
7508 7222
9781 3239
5342 8107
7275 3764
924 8067
8583 117
2317 7659
64 7802
2282 5887
6809 759
1569 3461
7545 3644
9986 1471
4021 4054
8492 8164
9650 5070
7686 1413
1094 1743
24 5994
2238 4154
6338 5101
6359 2004
5170 420
4759 8788
8256 4769
7963 512
9819 363
6706 4199
8172 5716
1622 2190
5736 259
5664 4309
5144 1202
2674 2193
7378 2343
1068 650
5759 7892
8298 1804
885 7169
258 4256
3509 9152
4641 8115
1901 3366
5301 3115
2917 94
35 1847
5323 9223
5904 2990
4056 9875
1745 8108
4899 448
2845 4939
772 5673
2640 9214
1368 8148
121 3373
8801 7516
1026 974
2197 7958
8836 6505
9997 4566
8618 145
6117 1257
9124 8239
7608 6106
9452 1785
6163 4687
4802 4861
9343 595
3938 5776
1978 4980
9290 5924
7349 5725
9919 5347
4245 1475
2735 5631
8572 7938
5422 5820
903 2871
2691 2266
7207 9646
4250 7206
2667 7819
1786 7872
2290 2890
9662 2188
1388 370
4327 7075
6448 1492
1966 4410
2732 4334
8268 7143
2651 5636
1340 7529
6776 3267
1125 8431
8342 703
8515 9973
6522 9757
7493 509
8349 3711
2366 6994
5420 8476
3175 380
8010 1143
9737 9185
9993 9935
9983 9909
9980 9985
9959 9926
9927 9929
9984 9957
9976 9927
9975 9994
9994 9929
9923 9941
9966 9953
9948 9927
9963 9961
9978 9986
9946 9965
9964 9910
9981 9991
9954 9959
9900 9943
9920 9979
9938 9969
9919 9942
9974 9997
9947 9970
9984 9979
9914 9990
9965 9972
9993 9910
9921 9981
9981 9999
9921 9998
9968 9945
9903 9951
9976 9915
9938 9904
9997 9972
9918 9933
9902 9932
9941 9905
9998 9949
9911 9974
10000 9931
9933 9918
9979 9944
9967 9947
10000 10000
9939 9989
9959 9902
9975 9900
9927 9981
9978 9921
9935 9908
9942 9954
9931 9988
9980 9933
9948 9942
9954 9918
9903 9950
9970 9993
10000 9908
9988 9983
9957 9939
9907 9936
9913 9950
9996 9925
9956 9959
9978 9927
9979 10000
9995 9950
9967 9931
9967 9915
9917 9920
9908 9993
9995 9985
9907 9910
9909 9922
9983 9921
9901 9956
9970 9971
9910 9940
9956 9957
9942 9986
9963 9906
9974 9989
9998 9916
9944 9978
9914 9906
9909 9901
9984 9942
9968 9994
9973 9939
9990 9937
9981 9978
9962 9912
9955 9993
9946 9953
9940 9953
9940 9904
9957 9983
9923 9915
