193
701633 517247 207227 598906 709204 177422 933135 361253 641488 272037 700207 210546 897237 133041 350385 701520 298460 312226 606874 129312 960451 613318 383985 199348 152779 133823 818875 580215 459355 605845 834805 106218 905612 938377 391231 841032 683166 453449 557724 407096 123768 365351 651864 882335 864696 185012 837300 411026 659435 607734 300451 177321 851933 842088 867633 861841 417869 236761 949721 684281 140261 244495 123549 991347 524837 347789 412387 144473 282315 594309 458934 483218 360158 677818 266328 683156 206167 513401 354598 777644 198862 605089 222069 663762 417125 366235 796851 788266 298786 528509 357179 399446 106551 359705 307358 240325 800858 174477 622329 503791 280873 594721 102639 535002 434477 554468 542442 543235 802732 557167 158097 756524 525828 953376 895449 465929 627387 540019 664636 841936 155005 118968 240606 430468 534001 186501 398767 882015 547707 156922 269604 546219 214280 971630 989208 257747 669219 368941 652847 691652 402317 893998 828431 493419 661259 708152 192475 818448 237648 124585 341646 357664 511511 143670 756275 435692 394361 860565 766233 250026 401650 262049 562704 300158 134831 950780 320365 639739 115203 447338 264917 375282 760248 670650 850444 736266 445557 821899 281297 709979 135246 248791 397891 974659 615684 637889 415775 256973 694204 816240 405016 418078 411082 
11
I 19 4 281822 746265 450734 108373 I 106 9 666218 302034 208501 648283 798327 631226 998665 959675 852007 D 117 1 D 191 2 D 10 3 D 133 1 D 76 1 I 105 7 362012 585269 876166 894252 294007 210018 659653 I 203 7 352576 568766 700855 768224 339990 691517 213258 D 84 4 I 6 6 291139 808642 764059 913376 124313 256337 
113
365906 969923 174155 356997 290732 896596 181853 154816 851464 684571 213258 880002 117882 222368 574807 164443 327355 588809 487619 450895 504676 349488 892904 299342 297667 964549 362868 428685 526653 324294 852266 375925 529434 133733 621545 481065 548372 203676 729939 149492 424364 638733 994195 525267 655168 698626 266046 188145 642374 142152 458605 429191 519222 989905 708108 105548 764506 765239 358275 268298 799588 278992 360313 138043 625066 878637 358084 529242 841051 174750 453825 106987 761910 574341 757096 602494 977337 462135 430642 141172 478956 509204 992628 659389 570210 582365 710885 977654 633638 716953 619349 907062 803783 960386 868935 498365 819950 548845 952071 235088 206573 178901 611735 219613 868072 331079 559991 941653 655459 142273 530850 280456 877184 
10
D 68 1 I 32 3 561245 526664 467258 I 70 2 250067 293448 D 30 2 I 5 2 329245 306750 I 5 8 844819 994015 645785 826206 259513 304798 880274 893206 D 39 3 D 31 4 I 60 6 877160 722165 135501 527521 682217 713949 D 61 5 
120
123784 958932 351538 906173 641350 709510 725062 905832 337923 588894 370379 582421 953893 352690 871358 996408 522258 899587 105969 813252 112201 800553 144610 115290 315120 652803 525424 115051 603732 559448 604215 539910 380650 420197 495909 957411 534893 147104 959057 690721 684887 741531 384642 466684 339979 167041 432682 973739 930314 734320 567025 449868 400339 773270 481951 588838 562127 814380 931122 318011 750544 809803 695082 235119 644709 126412 585211 858648 912795 525327 882569 395375 983019 765168 992981 768248 894137 151895 837622 742749 412473 749976 713772 462179 622473 335146 292923 924959 413520 895740 658288 757414 260941 781137 186130 106251 359603 258253 824656 831655 241030 452907 482482 622728 410193 299544 253096 565988 470241 238187 652715 104285 353351 929975 129614 210258 967928 645878 360019 617178 
17
D 73 5 I 4 1 595694 I 64 4 634134 184702 917939 558237 D 23 5 D 65 1 D 82 5 I 91 7 127093 290290 346602 854631 914479 420457 293223 D 61 4 D 87 1 I 8 10 914079 737283 670653 624669 570695 652051 929148 420392 552906 747456 I 7 2 313461 392555 I 9 4 752442 648263 619662 848643 I 4 5 336646 361160 711850 594385 483918 I 45 8 962936 471598 262170 822034 901333 329903 243665 253888 D 33 3 D 17 5 I 4 2 303426 573853 
177
209321 570682 741561 250975 434849 234708 646802 397779 967655 652605 536866 444519 747693 812436 211695 996063 439649 803631 559725 559613 411783 610753 961568 292119 136403 500598 307581 724347 194204 498836 960239 713088 225594 100928 336247 141163 406292 202598 452904 864285 778713 235805 515916 509304 141803 264624 390284 660412 666024 291172 103152 861489 482017 236213 243545 323437 398704 463130 113380 269412 812294 225900 913171 743035 252634 793673 891850 848845 105783 725105 355426 692949 760319 450933 510990 851439 857943 536318 601151 170105 881134 629509 174302 713810 453388 554382 954260 978158 234957 406450 244711 170924 165074 515529 923341 353949 737160 164026 918692 778936 845003 173753 640824 973856 621791 953121 803510 262235 816929 608001 921895 600203 535691 349847 865778 749083 887453 293741 364450 378748 167712 411394 620559 488969 990063 594784 325838 876135 312250 782620 335476 604887 113985 853390 949463 468790 935322 605019 795563 171991 305749 988302 173049 860959 890967 895897 752504 139470 674110 383460 635401 207249 321032 558157 448061 855757 840842 642145 442209 617107 575158 429273 740525 634488 850225 586234 932651 165119 691781 221402 806400 445893 990844 189079 208029 105203 109720 
16
I 1 2 160792 767636 D 83 4 I 7 9 276091 871833 981031 276430 528452 645639 778914 555310 142868 D 9 4 D 138 5 D 20 3 D 123 1 D 48 5 D 13 1 I 81 2 768923 111599 D 88 2 I 61 3 843239 986108 583675 D 103 5 I 1 1 455581 D 77 1 D 152 3 
141
474891 349952 994786 817632 684318 744588 201210 201050 652507 489242 240166 613566 661926 450777 973307 387151 903914 901280 294583 180851 215118 707192 786724 418597 953973 765903 318983 936863 607806 331818 115987 355966 372618 590508 256337 462938 694195 672447 489027 447226 164893 785786 137175 729690 251610 676469 429686 270448 811489 102376 731398 825101 872402 494338 562233 665422 787583 930001 788769 513251 991246 728282 414970 587016 914815 997574 859440 746947 405855 512071 606621 682811 882588 645373 815452 981048 422679 712471 107492 577161 297735 774283 214722 723718 475190 373719 425647 527999 901520 848901 425905 161003 220717 895467 258550 473633 376972 370580 215266 652730 460645 818875 583229 474611 373286 270791 777040 281896 663371 484613 330115 986969 624845 913368 602960 846663 496006 979487 530110 923079 392250 476551 595869 926306 795783 372257 462553 859072 163777 953165 437160 646434 161525 427440 866616 555613 141988 955540 189257 952562 736899 
10
D 121 4 I 75 9 741795 971890 233565 475536 337301 706943 388891 530905 953252 D 114 5 D 77 2 I 5 6 786746 276800 862833 807658 559311 168831 D 25 3 I 4 1 828246 I 9 9 668392 168866 651133 944304 331942 318321 762051 627370 999580 D 46 1 D 60 4 
173
256574 784276 477082 847666 933157 270926 803736 221195 281502 855721 178021 203790 292932 866433 352204 998759 102436 225896 473299 361036 209365 517563 683601 809847 842565 983807 157281 772420 646863 396803 536128 182606 731626 215278 784717 951464 905654 977129 625367 151697 408169 253757 648504 108361 629330 573987 233173 383894 482480 857684 700517 482898 308536 539270 963706 490668 670823 190625 355470 230980 543537 451524 431845 890565 643975 270683 537556 799330 738110 838028 151580 749636 918799 957032 302354 266257 281141 164965 550122 987798 508341 209978 801806 537840 546879 513356 937936 605257 283051 494235 373358 182050 981363 627790 998329 575206 762244 243845 888705 818724 220208 470757 243450 205280 937418 490774 380577 909483 803805 141762 933250 862487 623717 565510 172831 957436 942829 144586 930118 390998 841038 464514 353947 566382 313755 222798 849512 625998 748172 375890 279554 149136 692166 835401 771028 208197 681005 457418 457102 939531 347951 954724 955895 227996 311139 616898 669113 485512 584401 711336 960393 134626 222392 660942 556225 886860 455663 286869 883295 201863 119771 809359 875758 622568 110658 743786 168756 559344 276773 808697 784854 390127 581633 
18
I 136 4 662357 124461 949600 535620 I 4 2 663335 847235 D 148 2 I 2 2 255700 889521 I 70 1 740373 D 64 5 D 130 1 D 1 3 D 28 4 I 6 10 577645 955101 837867 104974 410753 491407 383600 851520 933148 282876 I 36 5 561078 425446 656148 958309 154242 D 76 5 I 4 2 432114 189510 D 122 4 I 4 9 918974 972722 883382 599960 359164 479199 430543 674824 602267 D 169 2 D 117 4 I 4 9 143241 353113 501186 421173 703496 615797 754028 401150 226579 
149
404446 821363 768877 399497 878929 207382 743744 542213 113559 948071 939167 520405 576655 534606 996895 402692 426349 276150 431387 961025 315937 466633 274743 718916 652867 876071 315956 486072 215948 114201 898636 801050 296687 750138 205060 480630 649167 643636 239707 506240 380891 346121 997503 288629 239230 899035 668647 952068 371219 377139 875248 612239 758487 657181 977638 800055 966246 489330 307019 917432 628863 620325 101368 822154 289919 886874 390493 980875 509537 862730 532199 550979 915334 567551 302645 446610 529777 838234 511116 603965 831183 198380 814570 227817 339995 933964 428543 305245 441790 965301 638486 420670 928536 291301 837927 903920 762676 415670 433342 686029 205597 672187 137170 882837 757722 511486 772922 313115 434842 975729 948175 152606 344821 495883 779973 617806 636990 889840 207440 804752 788903 265535 409602 261340 514281 484004 684726 574240 493454 650348 154388 493904 480410 223902 790041 532541 956591 908097 487640 860986 738844 998631 232706 211962 784254 387994 418257 398110 363109 
16
D 41 1 I 3 6 294926 817878 211092 583203 524935 694207 D 29 4 D 86 1 D 86 4 I 5 3 457096 803727 684792 D 7 2 I 132 5 614680 557085 190555 817551 945170 I 6 2 831725 546294 I 2 2 931635 509282 I 9 6 881952 946261 393981 202178 102527 383944 I 0 7 347829 291066 821136 595988 755484 704541 956141 I 166 4 227997 917687 370779 758136 I 18 9 239152 156245 948672 545358 219084 133068 599162 245170 293571 D 79 4 I 5 5 145310 425768 664224 629792 630648 
137
739772 581621 885323 144757 394343 698173 422656 638918 200109 598111 118098 476405 558155 195044 311689 468793 160955 991938 572544 752622 234111 379032 475308 988182 686713 673768 158652 904083 544270 762458 583367 514802 865645 857753 730304 449874 701644 269025 116840 809366 214521 302432 114187 219780 881156 465875 375159 771166 415212 810577 212417 588135 380118 893982 503071 943967 266250 598800 234643 684493 457701 355861 976783 301042 544247 596793 979206 413012 488484 843782 895145 124336 304506 502780 873320 369150 507544 286249 231254 619728 943094 365946 864458 424182 667972 393414 505077 489166 184315 923556 364288 280012 452701 837258 416904 777889 525355 550032 567163 991482 141380 548494 349431 812240 292891 917893 403241 100739 312261 936851 142346 237140 332482 673106 202555 885743 231704 588552 764222 371033 190018 240942 517945 167038 809520 217557 786057 620350 670805 892640 584563 367848 738182 651199 721746 377434 694468 
11
D 124 3 D 28 5 D 68 4 D 34 2 D 59 3 D 73 3 D 90 1 D 37 5 I 6 3 645738 686922 220363 D 74 2 I 42 3 166566 343106 567808 
127
770696 272144 939557 311268 565844 200521 439908 569855 873679 497897 611758 675234 871118 162028 371942 258906 529899 276804 179910 650631 245929 376500 585894 264868 193410 854592 656273 829440 226374 598124 910775 400665 377770 382818 498382 332522 580689 213456 860221 827417 267447 326606 835983 843277 646581 482440 165793 846425 865514 554085 123348 500865 575807 487735 791960 326470 957065 807053 429566 371137 804004 154397 362462 952652 214254 798116 404175 602322 355287 326490 253112 654211 362219 338573 561447 663099 563874 981487 340945 857767 643054 181833 255883 837788 521342 249290 505273 567339 954320 281562 824082 591901 818750 545242 453213 199994 761659 743768 359144 545337 857815 454056 386160 638988 567873 285874 175816 223659 340362 248003 716778 776951 427966 790905 160851 843795 236454 911244 297962 540433 920554 835407 555050 651116 512010 500158 478105 
15
I 67 3 231250 322705 279658 D 61 5 I 2 4 971397 804396 472655 614972 D 73 2 I 105 1 383698 D 115 4 D 16 4 D 10 3 D 9 4 I 2 8 392701 356053 994904 828398 815840 491797 302966 655137 I 8 8 310049 295222 657591 930357 355227 531558 306516 737372 D 18 5 I 37 3 982752 447682 777890 I 1 2 823790 494528 D 23 4 
152
750997 285496 683627 815415 174006 928490 179846 725245 914065 999222 898388 533467 206884 320472 873593 692928 785132 381257 967456 423597 182046 650376 719280 599233 664099 591828 107381 139767 529594 277867 959189 359151 641999 973439 489285 297490 478735 301865 254502 507805 926031 948123 338559 428174 584273 183604 740767 118684 436960 448575 701746 654015 798769 788507 785743 514297 664379 547384 229740 839613 462653 942736 303691 396255 314446 690974 815605 784230 199034 968283 943640 841097 459584 824086 204882 777282 776202 487144 557205 177873 381487 482297 657875 859147 931357 564450 612386 515974 956448 171383 219184 555290 872691 337286 744954 199097 391239 440591 723942 439365 818702 755438 721432 945554 264047 168421 516826 711604 940542 485554 991272 243873 816529 860694 435946 400917 236899 147278 328113 413607 984108 877769 259410 470212 868617 274416 634318 552766 100187 931488 205326 755570 131638 133687 975205 774509 164793 773138 593169 743545 780391 441964 501022 453111 543752 670724 305418 637529 654356 810499 176810 937791 
19
D 137 5 D 70 5 D 24 1 D 4 2 I 55 5 778105 259695 613269 185308 150364 D 130 2 D 103 3 I 65 8 638184 744976 908760 773951 520925 122979 510921 990598 D 62 1 D 86 1 D 60 1 D 77 1 D 124 3 D 15 4 D 27 1 D 11 4 I 1 5 372378 434453 112145 546017 903649 D 69 1 D 3 1 
