10
5
9
3 3 3 4 3 5 4 3 4 4 4 5 5 3 5 4 5 5
5
6
1 1 1 2 1 3 2 3 3 2 3 3
5
11
1 2 1 3 1 4 2 2 2 3 2 4 3 2 3 3 3 4 4 3 4 4
7
11
2 1 2 2 2 3 3 2 3 3 4 1 4 2 4 3 5 4 5 5 6 4
8
27
1 1 1 2 1 4 1 5 1 7 1 8 2 2 2 4 2 5 2 7 2 8 4 2 4 5 4 7 5 1 5 4 5 7 5 8 7 2 7 4 7 5 7 7 7 8 8 1 8 2 8 5 8 8
9
37
2 5 2 6 2 7 2 8 3 6 3 7 3 8 4 5 4 6 4 7 4 8 5 2 5 3 5 4 5 5 5 6 5 7 5 8 6 2 6 3 6 4 6 5 6 6 7 2 7 3 7 4 7 6 8 2 8 3 8 4 8 5 8 6 9 2 9 3 9 4 9 5 9 6
10
29
3 3 3 4 3 5 4 3 4 5 5 3 5 4 5 5 5 7 5 9 6 5 6 6 6 7 7 5 7 6 7 8 7 9 8 1 8 2 8 5 8 6 8 7 8 8 8 9 9 1 9 5 9 6 9 8 9 9
50
16
7 6 8 15 23 22 24 16 28 36 29 48 32 24 33 37 34 11 34 22 39 31 41 5 41 11 45 4 46 4 49 31
100
1633
4 3 4 4 4 7 4 8 4 9 4 10 4 11 4 12 5 3 5 4 5 5 5 6 5 7 5 9 5 10 5 11 5 12 6 4 6 7 6 9 6 10 6 11 6 12 6 62 6 63 6 68 6 70 6 71 6 72 6 73 6 74 6 75 6 76 6 77 6 79 6 80 6 82 6 83 6 85 6 86 6 87 6 88 7 3 7 4 7 5 7 6 7 7 7 8 7 9 7 11 7 12 7 63 7 64 7 66 7 67 7 69 7 70 7 71 7 75 7 76 7 77 7 79 7 80 7 82 7 85 7 86 7 90 8 3 8 6 8 7 8 9 8 10 8 11 8 62 8 63 8 66 8 67 8 68 8 69 8 71 8 76 8 80 8 81 8 82 8 83 8 85 8 86 8 87 8 88 8 89 8 90 9 3 9 6 9 8 9 9 9 10 9 11 9 12 9 65 9 68 9 69 9 70 9 72 9 74 9 75 9 76 9 77 9 78 9 80 9 81 9 85 9 89 9 90 10 3 10 5 10 6 10 9 10 10 10 12 10 62 10 63 10 64 10 65 10 66 10 68 10 69 10 70 10 73 10 75 10 77 10 78 10 80 10 81 10 82 10 85 10 86 10 87 10 88 10 89 10 90 11 4 11 5 11 7 11 8 11 9 11 10 11 11 11 12 11 63 11 64 11 66 11 67 11 69 11 70 11 72 11 73 11 74 11 75 11 76 11 77 11 78 11 80 11 83 11 84 11 85 11 86 11 88 11 89 11 90 12 3 12 5 12 6 12 7 12 8 12 9 12 12 12 63 12 64 12 65 12 66 12 67 12 68 12 70 12 74 12 75 12 77 12 78 12 79 12 82 12 83 12 84 12 85 12 86 12 87 12 88 13 3 13 4 13 5 13 7 13 8 13 9 13 10 13 12 13 62 13 63 13 64 13 66 13 67 13 68 13 69 13 70 13 71 13 73 13 74 13 75 13 77 13 78 13 79 13 81 13 83 13 84 13 86 13 87 14 63 14 65 14 67 14 69 14 70 14 71 14 74 14 75 14 76 14 78 14 79 14 81 14 82 14 85 14 86 14 87 14 88 14 90 15 64 15 65 15 66 15 68 15 72 15 73 15 78 15 79 15 81 15 83 15 88 15 89 16 63 16 64 16 65 16 66 16 67 16 68 16 70 16 71 16 72 16 73 16 75 16 76 16 77 16 79 16 80 16 81 16 82 16 83 16 85 16 86 16 87 16 88 16 89 16 90 17 62 17 64 17 65 17 66 17 67 17 68 17 70 17 72 17 75 17 76 17 79 17 82 17 84 17 86 17 88 18 62 18 63 18 67 18 69 18 71 18 72 18 73 18 74 18 75 18 76 18 78 18 79 18 80 18 81 18 83 18 84 18 85 18 89 18 90 19 62 19 63 19 64 19 65 19 66 19 67 19 68 19 69 19 71 19 73 19 75 19 76 19 77 19 79 19 80 19 81 19 83 19 84 19 86 19 87 19 88 19 90 20 62 20 63 20 65 20 66 20 69 20 72 20 74 20 75 20 76 20 77 20 78 20 80 20 82 20 83 20 84 20 87 20 88 20 89 20 90 21 62 21 63 21 66 21 68 21 70 21 71 21 73 21 74 21 76 21 77 21 79 21 81 21 82 21 85 21 89 21 90 22 62 22 64 22 65 22 67 22 69 22 71 22 73 22 77 22 78 22 79 22 81 22 84 22 85 22 86 22 88 22 89 23 62 23 63 23 69 23 70 23 71 23 72 23 76 23 77 23 79 23 80 23 81 23 82 23 83 23 86 23 88 23 89 23 90 24 64 24 65 24 66 24 68 24 69 24 71 24 73 24 74 24 75 24 76 24 77 24 78 24 79 24 80 24 83 24 84 24 85 24 86 24 87 24 88 24 89 24 90 25 62 25 65 25 66 25 68 25 69 25 71 25 72 25 74 25 75 25 76 25 77 25 80 25 84 25 85 25 86 25 88 25 89 25 90 26 63 26 66 26 68 26 70 26 71 26 72 26 76 26 79 26 81 26 84 26 87 26 89 26 90 27 62 27 63 27 64 27 69 27 71 27 72 27 74 27 77 27 78 27 79 27 85 27 86 27 87 27 89 27 90 28 63 28 64 28 66 28 68 28 70 28 72 28 74 28 75 28 76 28 77 28 78 28 79 28 80 28 81 28 83 28 84 28 89 29 62 29 64 29 65 29 66 29 67 29 69 29 73 29 74 29 76 29 77 29 80 29 81 29 82 29 83 29 84 29 85 29 86 29 87 29 89 30 64 30 66 30 67 30 68 30 69 30 72 30 73 30 74 30 76 30 78 30 81 30 82 30 87 30 90 31 62 31 63 31 65 31 67 31 72 31 73 31 75 31 76 31 78 31 81 31 83 31 84 31 85 31 86 31 87 31 89 31 90 32 63 32 64 32 65 32 66 32 67 32 68 32 69 32 70 32 73 32 74 32 76 32 79 32 80 32 84 32 85 32 86 32 88 33 62 33 65 33 66 33 67 33 70 33 72 33 73 33 74 33 76 33 77 33 78 33 79 33 81 33 82 33 84 33 86 33 88 33 89 34 62 34 69 34 70 34 71 34 72 34 78 34 79 34 80 34 81 34 83 34 84 34 85 34 86 34 87 34 88 34 89 41 2 41 4 41 5 41 7 41 8 41 9 41 14 41 15 41 16 41 17 41 18 41 20 41 21 41 22 42 2 42 3 42 4 42 5 42 7 42 8 42 10 42 11 42 12 42 13 42 14 42 15 42 16 42 17 42 18 42 20 42 21 42 22 43 2 43 3 43 7 43 8 43 10 43 12 43 13 43 15 43 16 43 17 43 18 43 19 43 21 43 22 44 2 44 4 44 5 44 6 44 9 44 10 44 15 44 16 44 18 44 21 45 2 45 3 45 4 45 10 45 11 45 12 45 14 45 15 45 16 45 17 45 19 45 20 45 21 45 22 46 2 46 4 46 6 46 7 46 8 46 10 46 11 46 12 46 13 46 14 46 16 46 17 46 18 46 21 46 22 47 2 47 3 47 5 47 6 47 7 47 9 47 10 47 13 47 14 47 15 47 16 47 18 47 20 47 22 48 2 48 3 48 4 48 5 48 6 48 7 48 8 48 9 48 10 48 11 48 13 48 14 48 15 48 16 48 17 48 18 48 20 48 21 48 22 49 2 49 3 49 5 49 6 49 7 49 9 49 11 49 12 49 14 49 17 49 18 49 20 49 21 49 22 50 2 50 3 50 4 50 5 50 8 50 9 50 10 50 12 50 13 50 15 50 17 50 19 50 20 50 21 50 22 51 3 51 4 51 6 51 7 51 9 51 10 51 11 51 12 51 13 51 14 51 15 51 16 51 18 51 19 51 21 51 22 52 2 52 3 52 4 52 5 52 7 52 9 52 11 52 12 52 18 52 19 52 20 52 21 52 22 53 2 53 3 53 4 53 5 53 6 53 7 53 9 53 10 53 11 53 12 53 13 53 15 53 16 53 18 53 20 53 21 54 2 54 3 54 4 54 6 54 7 54 9 54 11 54 13 54 14 54 15 54 16 54 17 54 19 54 20 55 2 55 4 55 5 55 8 55 9 55 10 55 11 55 12 55 13 55 14 55 15 55 16 55 17 55 18 55 19 55 20 55 21 55 22 56 2 56 4 56 5 56 6 56 7 56 8 56 9 56 10 56 11 56 12 56 13 56 14 56 15 56 17 56 18 56 19 56 20 56 21 57 3 57 4 57 5 57 8 57 9 57 10 57 11 57 13 57 14 57 17 57 18 57 19 57 20 57 21 58 2 58 3 58 5 58 6 58 7 58 11 58 14 58 15 58 17 58 19 58 22 59 3 59 4 59 5 59 6 59 7 59 9 59 11 59 13 59 15 59 17 59 18 59 19 59 20 59 21 60 2 60 3 60 4 60 5 60 6 60 7 60 10 60 11 60 12 60 14 60 16 60 18 60 20 60 21 60 22 60 48 60 52 60 53 60 54 60 55 60 57 60 58 60 60 60 62 60 63 60 65 60 66 60 68 60 69 60 70 60 71 60 72 60 74 60 75 60 78 60 79 60 80 61 2 61 3 61 4 61 5 61 6 61 8 61 9 61 10 61 12 61 13 61 14 61 16 61 17 61 18 61 20 61 21 61 22 61 48 61 49 61 52 61 54 61 55 61 57 61 58 61 59 61 60 61 61 61 62 61 63 61 64 61 67 61 68 61 69 61 70 61 71 61 72 61 73 61 75 61 78 61 79 61 80 62 48 62 49 62 51 62 53 62 55 62 56 62 57 62 58 62 61 62 62 62 66 62 67 62 68 62 69 62 70 62 71 62 75 62 76 62 81 62 82 63 48 63 49 63 51 63 53 63 60 63 62 63 63 63 64 63 65 63 67 63 70 63 73 63 77 63 78 63 80 63 81 63 82 64 49 64 51 64 53 64 54 64 55 64 56 64 57 64 62 64 63 64 65 64 68 64 69 64 70 64 71 64 72 64 73 64 74 64 75 64 77 64 78 64 79 64 80 64 82 65 49 65 50 65 53 65 55 65 56 65 57 65 61 65 63 65 65 65 66 65 67 65 69 65 70 65 72 65 75 65 76 65 77 65 79 65 80 65 81 65 82 66 48 66 50 66 51 66 52 66 54 66 55 66 56 66 58 66 61 66 62 66 63 66 64 66 65 66 67 66 68 66 69 66 71 66 72 66 74 66 76 66 77 66 79 66 81 67 48 67 49 67 51 67 53 67 56 67 58 67 59 67 60 67 61 67 62 67 64 67 65 67 66 67 67 67 70 67 71 67 72 67 73 67 74 67 75 67 78 67 79 67 80 67 81 67 82 68 48 68 49 68 50 68 59 68 61 68 62 68 63 68 65 68 66 68 68 68 69 68 70 68 71 68 72 68 73 68 74 68 75 68 76 68 77 68 80 68 82 69 50 69 51 69 54 69 60 69 61 69 62 69 63 69 64 69 65 69 68 69 71 69 73 69 74 69 79 69 81 69 82 70 48 70 49 70 51 70 52 70 54 70 55 70 56 70 59 70 60 70 62 70 64 70 65 70 68 70 70 70 71 70 72 70 73 70 74 70 76 70 78 70 80 70 81 71 49 71 50 71 54 71 55 71 56 71 57 71 58 71 59 71 60 71 61 71 62 71 63 71 64 71 65 71 67 71 70 71 73 71 74 71 75 71 76 71 77 71 79 71 80 71 81 72 51 72 53 72 54 72 55 72 61 72 62 72 63 72 65 72 70 72 73 72 74 72 76 72 77 72 78 72 79 72 80 73 48 73 49 73 50 73 54 73 55 73 56 73 57 73 58 73 64 73 66 73 71 73 72 73 73 73 77 73 80 73 81 73 82 74 48 74 50 74 51 74 52 74 53 74 54 74 55 74 57 74 58 74 59 74 61 74 64 74 67 74 69 74 70 74 72 74 73 74 76 74 77 74 78 74 79 74 81 74 82 75 48 75 49 75 51 75 52 75 54 75 55 75 56 75 57 75 59 75 62 75 63 75 66 75 68 75 69 75 70 75 74 75 75 75 76 75 78 75 80 75 81 75 82 76 49 76 52 76 53 76 55 76 57 76 58 76 60 76 61 76 62 76 63 76 64 76 66 76 68 76 70 76 72 76 74 76 75 76 77 76 78 76 79 76 80 76 81 76 82 77 50 77 52 77 53 77 54 77 56 77 57 77 58 77 59 77 60 77 66 77 67 77 68 77 71 77 72 77 74 77 77 77 79 77 80 77 81 77 82 78 48 78 49 78 50 78 51 78 53 78 54 78 55 78 57 78 58 78 59 78 60 78 61 78 62 78 65 78 68 78 69 78 70 78 71 78 73 78 74 78 77 78 80 78 82 79 48 79 49 79 51 79 53 79 54 79 55 79 56 79 57 79 58 79 59 79 60 79 61 79 62 79 65 79 66 79 68 79 69 79 70 79 71 79 72 79 73 79 74 79 76 79 79 79 80 79 81 80 51 80 53 80 56 80 57 80 58 80 59 80 63 80 64 80 67 80 69 80 70 80 71 80 72 80 74 80 77 80 79 80 80 81 49 81 50 81 51 81 52 81 53 81 54 81 55 81 56 81 57 81 58 81 60 81 64 81 67 81 69 81 72 81 74 81 75 81 77 81 80 81 82 82 48 82 50 82 52 82 53 82 55 82 56 82 57 82 63 82 64 82 66 82 70 82 72 82 74 82 75 82 76 82 78 82 80 82 82 83 48 83 49 83 50 83 51 83 52 83 54 83 56 83 57 83 59 83 60 83 61 83 63 83 64 83 67 83 70 83 71 83 72 83 73 83 74 83 75 83 76 83 77 83 79 83 80 83 81 84 48 84 50 84 51 84 52 84 56 84 58 84 63 84 64 84 65 84 67 84 68 84 70 84 71 84 72 84 73 84 75 84 76 84 77 84 80 84 81 84 82 85 51 85 52 85 53 85 55 85 56 85 57 85 58 85 60 85 61 85 63 85 64 85 65 85 66 85 67 85 71 85 73 85 74 85 77 85 78 85 79 85 80 86 48 86 49 86 50 86 52 86 53 86 55 86 56 86 58 86 59 86 61 86 65 86 69 86 71 86 72 86 73 86 74 86 76 86 78 86 79 86 80 87 48 87 49 87 50 87 51 87 52 87 53 87 54 87 56 87 57 87 60 87 61 87 64 87 65 87 66 87 67 87 68 87 69 87 70 87 71 87 74 87 76 87 79 88 50 88 51 88 52 88 55 88 56 88 57 88 58 88 60 88 61 88 62 88 64 88 65 88 67 88 68 88 70 88 72 88 74 88 77 88 78 88 80 88 82 89 48 89 50 89 52 89 54 89 55 89 57 89 58 89 59 89 61 89 63 89 64 89 65 89 66 89 68 89 69 89 72 89 74 89 77 89 78 89 80 89 81 89 82 90 56 90 57 90 59 90 60 90 62 90 63 90 64 90 66 90 67 90 68 90 69 90 70 90 71 90 73 90 74 90 75 90 77 90 81 91 48 91 49 91 50 91 52 91 54 91 55 91 56 91 58 91 59 91 60 91 61 91 64 91 65 91 66 91 68 91 69 91 71 91 72 91 73 91 75 91 76 91 77 91 78 91 80 92 49 92 51 92 54 92 56 92 57 92 60 92 61 92 63 92 65 92 66 92 67 92 68 92 69 92 70 92 71 92 73 92 76 92 78 92 80 92 81 93 48 93 49 93 50 93 52 93 53 93 55 93 59 93 60 93 61 93 66 93 68 93 69 93 71 93 74 93 76 93 77 93 78 93 79 93 80 93 81 94 48 94 54 94 56 94 59 94 61 94 62 94 66 94 68 94 70 94 71 94 72 94 74 94 75 94 76 94 80 94 81
100
2676
2 46 3 30 3 36 3 77 3 99 4 63 5 41 6 61 6 63 6 65 6 66 6 67 6 68 6 69 6 70 6 72 6 73 6 76 6 77 6 78 6 79 6 80 6 81 6 82 6 83 6 84 6 86 6 87 6 88 6 89 6 90 6 92 7 6 7 31 7 61 7 63 7 64 7 65 7 66 7 67 7 68 7 71 7 72 7 73 7 74 7 75 7 76 7 77 7 78 7 79 7 80 7 82 7 83 7 84 7 85 7 87 7 88 7 92 8 61 8 62 8 63 8 67 8 68 8 70 8 71 8 72 8 73 8 76 8 77 8 81 8 82 8 84 8 85 8 87 8 88 8 91 8 92 8 96 9 61 9 62 9 63 9 64 9 65 9 66 9 67 9 68 9 70 9 75 9 76 9 77 9 78 9 79 9 80 9 81 9 83 9 84 9 85 9 87 9 88 9 89 9 90 9 92 10 61 10 62 10 63 10 64 10 65 10 67 10 69 10 70 10 71 10 72 10 73 10 75 10 76 10 77 10 78 10 79 10 80 10 81 10 82 10 83 10 84 10 85 10 86 10 87 10 88 10 89 10 91 10 92 11 27 11 61 11 62 11 63 11 64 11 68 11 69 11 70 11 71 11 73 11 74 11 75 11 76 11 77 11 78 11 79 11 80 11 81 11 83 11 84 11 85 11 86 11 87 11 88 11 90 11 91 11 92 11 96 12 61 12 62 12 63 12 64 12 65 12 66 12 69 12 70 12 71 12 72 12 73 12 74 12 75 12 77 12 78 12 79 12 80 12 81 12 84 12 85 12 86 12 87 12 91 12 92 13 62 13 63 13 64 13 66 13 67 13 68 13 69 13 70 13 71 13 72 13 73 13 74 13 75 13 76 13 77 13 78 13 79 13 81 13 82 13 83 13 84 13 85 13 86 13 87 13 88 13 89 13 92 14 20 14 61 14 62 14 63 14 65 14 66 14 67 14 68 14 69 14 70 14 71 14 72 14 73 14 74 14 75 14 76 14 77 14 78 14 79 14 80 14 81 14 82 14 83 14 85 14 86 14 87 14 88 14 90 14 91 15 6 15 34 15 61 15 62 15 63 15 64 15 65 15 67 15 68 15 70 15 71 15 72 15 73 15 74 15 75 15 76 15 77 15 78 15 79 15 80 15 81 15 82 15 83 15 84 15 85 15 86 15 89 15 90 15 91 16 61 16 62 16 63 16 64 16 65 16 66 16 67 16 68 16 69 16 72 16 73 16 75 16 76 16 77 16 78 16 79 16 80 16 82 16 83 16 84 16 85 16 86 16 87 16 89 16 90 16 91 16 92 17 61 17 62 17 63 17 64 17 65 17 66 17 67 17 68 17 69 17 71 17 73 17 74 17 75 17 76 17 77 17 78 17 79 17 80 17 81 17 82 17 83 17 84 17 85 17 87 17 88 17 90 17 91 17 92 18 61 18 62 18 63 18 64 18 65 18 66 18 68 18 69 18 70 18 71 18 72 18 73 18 74 18 75 18 76 18 77 18 78 18 79 18 80 18 81 18 82 18 83 18 84 18 85 18 86 18 87 18 88 18 89 18 90 18 91 19 4 19 31 19 61 19 62 19 63 19 65 19 66 19 68 19 69 19 70 19 71 19 73 19 75 19 76 19 77 19 79 19 80 19 81 19 82 19 83 19 84 19 85 19 86 19 87 19 88 19 90 20 61 20 62 20 63 20 64 20 66 20 67 20 68 20 70 20 72 20 73 20 74 20 76 20 77 20 78 20 80 20 81 20 82 20 85 20 87 20 88 20 89 20 90 20 91 20 92 21 61 21 63 21 64 21 65 21 67 21 69 21 70 21 71 21 73 21 74 21 75 21 76 21 77 21 78 21 79 21 81 21 82 21 83 21 88 21 89 21 90 21 92 22 61 22 62 22 63 22 64 22 65 22 66 22 67 22 68 22 69 22 72 22 73 22 74 22 75 22 78 22 79 22 80 22 82 22 83 22 84 22 85 22 86 22 87 22 88 22 89 22 90 23 61 23 62 23 63 23 64 23 65 23 66 23 67 23 68 23 69 23 70 23 71 23 72 23 74 23 75 23 76 23 77 23 78 23 79 23 80 23 81 23 82 23 83 23 84 23 87 23 90 23 91 23 92 24 36 24 61 24 62 24 63 24 66 24 67 24 68 24 70 24 71 24 72 24 73 24 74 24 75 24 76 24 77 24 78 24 79 24 81 24 82 24 83 24 84 24 85 24 86 24 87 24 88 24 89 24 91 24 100 25 4 25 61 25 62 25 65 25 66 25 67 25 68 25 69 25 70 25 72 25 73 25 74 25 75 25 76 25 78 25 80 25 81 25 82 25 83 25 84 25 85 25 87 25 88 25 89 25 90 25 91 25 92 25 96 26 10 26 61 26 62 26 63 26 64 26 65 26 66 26 67 26 68 26 69 26 70 26 71 26 72 26 73 26 74 26 76 26 77 26 78 26 79 26 81 26 82 26 83 26 85 26 86 26 87 26 88 26 90 27 61 27 62 27 63 27 65 27 66 27 67 27 68 27 69 27 70 27 73 27 74 27 76 27 77 27 78 27 80 27 81 27 82 27 83 27 84 27 85 27 86 27 87 27 88 27 89 27 91 27 92 28 51 28 53 28 61 28 62 28 63 28 64 28 66 28 67 28 68 28 69 28 70 28 71 28 72 28 73 28 74 28 75 28 76 28 77 28 78 28 79 28 80 28 81 28 82 28 83 28 86 28 87 28 88 28 89 28 90 28 91 28 92 29 51 29 61 29 62 29 63 29 64 29 65 29 66 29 68 29 69 29 70 29 71 29 72 29 73 29 74 29 75 29 80 29 81 29 82 29 84 29 85 29 86 29 89 29 90 29 91 29 92 30 19 30 61 30 62 30 63 30 65 30 67 30 68 30 69 30 71 30 72 30 73 30 74 30 75 30 76 30 77 30 78 30 79 30 80 30 81 30 83 30 84 30 85 30 86 30 87 30 88 30 89 30 90 30 91 30 92 31 63 31 64 31 65 31 66 31 67 31 69 31 71 31 73 31 74 31 75 31 76 31 77 31 78 31 79 31 81 31 82 31 83 31 85 31 86 31 87 31 88 31 89 31 92 32 61 32 62 32 63 32 64 32 65 32 66 32 67 32 68 32 70 32 71 32 73 32 75 32 76 32 77 32 78 32 79 32 80 32 81 32 82 32 83 32 84 32 85 32 86 32 87 32 88 32 89 32 90 32 91 32 92 33 61 33 62 33 63 33 64 33 65 33 66 33 67 33 68 33 69 33 70 33 71 33 72 33 73 33 74 33 76 33 77 33 78 33 79 33 80 33 81 33 82 33 83 33 85 33 86 33 87 33 88 33 89 33 90 33 91 33 92 34 63 34 65 34 66 34 67 34 68 34 69 34 70 34 71 34 72 34 73 34 74 34 77 34 78 34 79 34 80 34 81 34 82 34 83 34 84 34 87 34 88 34 89 34 90 34 91 34 92 35 61 35 62 35 63 35 64 35 65 35 66 35 67 35 68 35 69 35 70 35 71 35 73 35 75 35 76 35 77 35 79 35 80 35 81 35 82 35 84 35 85 35 86 35 88 35 89 35 90 35 91 36 24 36 61 36 63 36 64 36 65 36 66 36 67 36 68 36 69 36 70 36 71 36 73 36 74 36 75 36 76 36 78 36 79 36 80 36 82 36 84 36 85 36 88 36 89 36 90 36 91 36 92 37 19 37 44 37 61 37 62 37 63 37 64 37 65 37 66 37 67 37 68 37 69 37 70 37 72 37 73 37 74 37 75 37 76 37 77 37 79 37 80 37 81 37 82 37 83 37 84 37 85 37 86 37 87 37 90 37 92 38 90 41 67 42 21 42 22 42 24 42 25 42 27 42 29 42 30 42 31 42 32 42 33 42 34 42 35 42 36 42 38 42 39 42 40 42 41 42 42 42 43 42 44 42 45 42 47 42 50 42 51 42 52 42 53 42 54 42 56 42 57 42 58 42 59 42 60 42 61 42 62 42 63 42 65 42 66 43 20 43 21 43 22 43 23 43 24 43 25 43 26 43 27 43 28 43 29 43 31 43 32 43 33 43 34 43 35 43 36 43 37 43 39 43 40 43 41 43 44 43 45 43 47 43 48 43 51 43 53 43 54 43 55 43 57 43 61 43 62 43 63 43 65 43 66 43 67 43 68 43 69 44 21 44 22 44 23 44 24 44 25 44 27 44 28 44 29 44 30 44 33 44 34 44 35 44 36 44 37 44 39 44 40 44 41 44 43 44 44 44 46 44 47 44 48 44 49 44 50 44 51 44 52 44 53 44 54 44 55 44 56 44 58 44 59 44 60 44 61 44 62 44 63 44 64 44 65 44 68 44 69 45 6 45 20 45 21 45 24 45 25 45 27 45 28 45 29 45 30 45 31 45 35 45 36 45 38 45 39 45 40 45 41 45 42 45 43 45 44 45 47 45 48 45 49 45 51 45 52 45 54 45 55 45 57 45 58 45 59 45 60 45 61 45 64 45 65 45 66 45 67 45 69 45 71 46 21 46 23 46 24 46 25 46 26 46 27 46 28 46 29 46 30 46 31 46 32 46 34 46 35 46 36 46 38 46 39 46 40 46 41 46 42 46 43 46 44 46 45 46 46 46 47 46 48 46 51 46 52 46 55 46 57 46 58 46 59 46 62 46 65 46 66 46 68 47 15 47 20 47 21 47 22 47 27 47 28 47 29 47 30 47 32 47 34 47 36 47 37 47 38 47 39 47 40 47 41 47 42 47 43 47 46 47 48 47 50 47 51 47 53 47 54 47 57 47 58 47 59 47 60 47 62 47 64 47 66 47 67 47 68 47 69 48 20 48 21 48 22 48 24 48 26 48 27 48 28 48 30 48 31 48 32 48 33 48 36 48 37 48 38 48 42 48 43 48 44 48 45 48 46 48 47 48 51 48 52 48 53 48 54 48 55 48 56 48 57 48 58 48 59 48 61 48 63 48 64 48 65 48 66 48 68 48 69 48 96 49 20 49 21 49 22 49 23 49 27 49 30 49 31 49 32 49 33 49 35 49 37 49 38 49 39 49 40 49 41 49 47 49 48 49 49 49 51 49 52 49 53 49 54 49 55 49 56 49 58 49 59 49 60 49 61 49 62 49 63 49 64 49 67 49 68 49 69 50 20 50 21 50 22 50 24 50 26 50 27 50 28 50 29 50 31 50 32 50 33 50 34 50 36 50 37 50 38 50 39 50 40 50 41 50 42 50 43 50 47 50 48 50 50 50 51 50 52 50 53 50 55 50 57 50 58 50 59 50 60 50 61 50 64 50 66 50 69 51 19 51 20 51 22 51 24 51 26 51 28 51 29 51 30 51 31 51 32 51 34 51 35 51 36 51 38 51 39 51 40 51 41 51 42 51 43 51 44 51 45 51 46 51 47 51 48 51 50 51 51 51 52 51 53 51 54 51 55 51 56 51 57 51 58 51 60 51 64 51 65 51 66 51 67 51 68 51 69 52 20 52 21 52 22 52 24 52 26 52 27 52 28 52 29 52 30 52 31 52 32 52 33 52 34 52 35 52 37 52 38 52 41 52 42 52 43 52 44 52 46 52 47 52 49 52 50 52 51 52 54 52 56 52 57 52 59 52 60 52 61 52 63 52 64 52 65 52 67 52 68 52 69 53 3 53 20 53 21 53 22 53 28 53 29 53 30 53 32 53 33 53 34 53 35 53 36 53 37 53 39 53 40 53 42 53 43 53 44 53 45 53 48 53 49 53 51 53 52 53 53 53 54 53 55 53 56 53 57 53 58 53 61 53 62 53 63 53 64 53 66 53 67 53 69 54 20 54 21 54 22 54 24 54 25 54 26 54 27 54 28 54 29 54 31 54 32 54 35 54 37 54 39 54 41 54 42 54 43 54 44 54 45 54 47 54 48 54 51 54 52 54 53 54 55 54 56 54 57 54 61 54 62 54 63 54 64 54 65 54 66 54 67 55 20 55 21 55 22 55 23 55 24 55 27 55 28 55 30 55 31 55 32 55 33 55 34 55 35 55 37 55 39 55 40 55 41 55 43 55 44 55 45 55 46 55 47 55 49 55 50 55 51 55 52 55 53 55 54 55 55 55 56 55 57 55 58 55 59 55 60 55 61 55 63 55 64 55 67 55 68 55 69 56 5 56 20 56 23 56 24 56 25 56 26 56 28 56 29 56 31 56 32 56 33 56 35 56 38 56 39 56 40 56 42 56 43 56 44 56 46 56 47 56 49 56 51 56 52 56 53 56 54 56 55 56 56 56 57 56 59 56 60 56 63 56 65 56 67 56 68 56 69 56 87 57 14 57 18 57 20 57 21 57 22 57 23 57 24 57 27 57 28 57 30 57 32 57 34 57 35 57 36 57 38 57 40 57 42 57 44 57 46 57 47 57 48 57 49 57 50 57 52 57 53 57 54 57 56 57 57 57 59 57 61 57 62 57 63 57 64 57 65 57 67 57 68 58 20 58 21 58 22 58 23 58 25 58 26 58 27 58 28 58 29 58 30 58 33 58 36 58 37 58 38 58 39 58 40 58 41 58 43 58 44 58 46 58 47 58 48 58 49 58 50 58 51 58 52 58 53 58 54 58 55 58 56 58 58 58 59 58 60 58 62 58 65 58 66 58 69 59 20 59 21 59 22 59 24 59 25 59 27 59 30 59 31 59 34 59 35 59 37 59 38 59 40 59 42 59 43 59 45 59 46 59 48 59 49 59 50 59 51 59 55 59 57 59 58 59 59 59 60 59 61 59 63 59 64 59 65 59 66 59 69 60 20 60 22 60 23 60 24 60 26 60 28 60 29 60 30 60 31 60 32 60 34 60 35 60 36 60 37 60 38 60 39 60 40 60 43 60 44 60 45 60 46 60 47 60 49 60 50 60 52 60 53 60 54 60 55 60 56 60 57 60 58 60 59 60 60 60 62 60 63 60 65 60 67 60 68 60 69 60 81 61 20 61 21 61 22 61 23 61 26 61 27 61 31 61 33 61 34 61 36 61 38 61 39 61 41 61 42 61 43 61 44 61 46 61 47 61 48 61 49 61 50 61 52 61 55 61 56 61 57 61 59 61 60 61 62 61 63 61 64 61 65 61 66 61 68 61 69 62 20 62 21 62 22 62 23 62 24 62 26 62 27 62 28 62 29 62 30 62 31 62 33 62 34 62 36 62 37 62 38 62 39 62 41 62 42 62 43 62 44 62 45 62 47 62 48 62 49 62 50 62 51 62 52 62 53 62 55 62 57 62 59 62 60 62 61 62 63 62 64 62 66 62 67 62 68 62 69 63 20 63 21 63 22 63 23 63 26 63 27 63 28 63 29 63 30 63 31 63 33 63 36 63 38 63 39 63 40 63 41 63 42 63 43 63 44 63 45 63 46 63 47 63 48 63 50 63 51 63 52 63 54 63 56 63 58 63 59 63 60 63 61 63 62 63 64 63 67 63 69 63 82 64 20 64 21 64 22 64 24 64 25 64 26 64 27 64 28 64 29 64 30 64 31 64 32 64 33 64 34 64 35 64 36 64 37 64 38 64 39 64 40 64 41 64 42 64 43 64 44 64 45 64 46 64 49 64 50 64 51 64 52 64 53 64 54 64 56 64 57 64 58 64 59 64 61 64 62 64 64 64 65 64 66 64 67 64 69 64 71 65 20 65 21 65 22 65 23 65 24 65 25 65 26 65 28 65 30 65 31 65 32 65 33 65 34 65 35 65 37 65 38 65 40 65 42 65 44 65 46 65 47 65 48 65 49 65 50 65 52 65 53 65 54 65 55 65 56 65 57 65 59 65 61 65 63 65 64 65 65 65 66 65 67 65 68 65 69 66 20 66 21 66 22 66 23 66 24 66 25 66 26 66 27 66 28 66 29 66 30 66 31 66 33 66 34 66 35 66 36 66 38 66 39 66 40 66 41 66 42 66 43 66 45 66 46 66 47 66 48 66 50 66 53 66 55 66 57 66 58 66 60 66 61 66 64 66 65 66 66 66 67 66 68 66 69 67 20 67 21 67 24 67 25 67 26 67 27 67 28 67 29 67 30 67 31 67 32 67 36 67 37 67 38 67 41 67 45 67 46 67 47 67 48 67 49 67 50 67 52 67 56 67 57 67 58 67 60 67 62 67 63 67 64 67 65 67 66 67 67 67 68 67 69 68 11 68 20 68 21 68 22 68 23 68 24 68 25 68 26 68 27 68 30 68 31 68 32 68 33 68 35 68 36 68 37 68 38 68 41 68 44 68 45 68 46 68 47 68 51 68 52 68 53 68 56 68 58 68 59 68 61 68 62 68 63 68 65 68 66 68 68 68 69 68 100 69 21 69 24 69 25 69 28 69 30 69 31 69 32 69 34 69 35 69 37 69 38 69 39 69 41 69 42 69 44 69 45 69 46 69 47 69 48 69 49 69 50 69 51 69 52 69 54 69 55 69 56 69 57 69 58 69 59 69 60 69 61 69 62 69 64 69 67 69 69 70 21 70 22 70 24 70 26 70 27 70 28 70 30 70 33 70 34 70 35 70 37 70 38 70 39 70 40 70 41 70 42 70 43 70 45 70 46 70 49 70 50 70 51 70 55 70 57 70 58 70 59 70 60 70 61 70 62 70 64 70 65 70 67 70 68 71 21 71 24 71 25 71 26 71 27 71 28 71 30 71 31 71 32 71 33 71 34 71 35 71 36 71 38 71 39 71 40 71 41 71 42 71 44 71 45 71 46 71 47 71 49 71 50 71 51 71 52 71 53 71 55 71 57 71 58 71 59 71 60 71 61 71 63 71 66 71 68 71 69 71 85 72 21 72 23 72 24 72 25 72 26 72 27 72 28 72 30 72 31 72 33 72 34 72 36 72 37 72 38 72 39 72 41 72 42 72 43 72 44 72 45 72 46 72 47 72 49 72 50 72 52 72 53 72 54 72 56 72 58 72 59 72 60 72 61 72 62 72 63 72 64 72 65 72 66 72 67 72 68 72 69 73 20 73 21 73 23 73 27 73 28 73 30 73 31 73 32 73 33 73 34 73 37 73 39 73 41 73 42 73 43 73 44 73 45 73 46 73 47 73 48 73 50 73 53 73 54 73 55 73 56 73 57 73 58 73 59 73 60 73 61 73 63 73 64 73 65 73 66 74 20 74 21 74 22 74 23 74 24 74 25 74 26 74 28 74 29 74 30 74 31 74 32 74 33 74 34 74 35 74 36 74 37 74 38 74 39 74 40 74 42 74 43 74 44 74 47 74 49 74 50 74 53 74 54 74 56 74 60 74 61 74 62 74 63 74 64 74 65 74 66 74 67 75 20 75 21 75 23 75 24 75 25 75 29 75 30 75 31 75 32 75 35 75 37 75 39 75 40 75 41 75 42 75 43 75 44 75 45 75 46 75 47 75 49 75 51 75 53 75 56 75 57 75 58 75 59 75 61 75 63 75 64 75 68 76 20 76 22 76 23 76 24 76 25 76 28 76 30 76 31 76 32 76 33 76 34 76 35 76 36 76 38 76 40 76 41 76 43 76 45 76 46 76 47 76 48 76 49 76 50 76 52 76 54 76 55 76 56 76 58 76 60 76 61 76 63 76 64 76 66 76 67 76 69 77 20 77 21 77 22 77 24 77 25 77 26 77 27 77 30 77 33 77 34 77 35 77 38 77 39 77 41 77 42 77 43 77 45 77 46 77 47 77 49 77 51 77 52 77 53 77 55 77 57 77 58 77 59 77 60 77 61 77 62 77 64 77 66 77 67 77 93 77 96 78 21 78 23 78 24 78 25 78 26 78 28 78 29 78 31 78 32 78 33 78 35 78 37 78 38 78 39 78 41 78 42 78 45 78 46 78 47 78 48 78 49 78 51 78 55 78 56 78 57 78 59 78 60 78 61 78 63 78 64 78 65 78 66 78 67 78 68 78 69 79 22 79 23 79 24 79 25 79 26 79 27 79 29 79 30 79 31 79 32 79 34 79 35 79 36 79 37 79 38 79 41 79 42 79 43 79 44 79 45 79 46 79 47 79 48 79 50 79 53 79 54 79 56 79 57 79 58 79 62 79 63 79 65 79 66 79 67 79 68 79 69 80 15 80 20 80 22 80 23 80 25 80 26 80 29 80 30 80 33 80 34 80 36 80 37 80 38 80 40 80 41 80 42 80 43 80 44 80 45 80 46 80 47 80 48 80 49 80 50 80 52 80 53 80 54 80 55 80 56 80 58 80 60 80 61 80 62 80 63 80 64 80 66 80 67 80 68 80 69 81 7 81 20 81 21 81 22 81 24 81 25 81 27 81 28 81 29 81 30 81 32 81 33 81 34 81 35 81 37 81 38 81 40 81 44 81 46 81 48 81 49 81 50 81 51 81 52 81 53 81 55 81 56 81 57 81 58 81 59 81 61 81 64 81 65 81 66 81 67 81 68 82 20 82 22 82 23 82 24 82 25 82 26 82 27 82 29 82 30 82 31 82 36 82 37 82 38 82 39 82 40 82 41 82 42 82 45 82 46 82 47 82 48 82 50 82 51 82 52 82 53 82 54 82 56 82 57 82 58 82 59 82 60 82 61 82 62 82 63 82 65 82 66 82 67 82 68 82 69 82 74 83 20 83 21 83 23 83 25 83 26 83 27 83 28 83 29 83 30 83 31 83 32 83 33 83 34 83 36 83 38 83 40 83 41 83 42 83 47 83 48 83 49 83 50 83 52 83 53 83 55 83 59 83 60 83 62 83 63 83 64 83 65 83 66 84 20 84 21 84 22 84 23 84 26 84 27 84 29 84 30 84 32 84 33 84 34 84 37 84 38 84 39 84 40 84 42 84 44 84 45 84 46 84 51 84 52 84 53 84 54 84 55 84 56 84 57 84 58 84 60 84 62 84 65 84 66 84 67 84 68 84 69 85 20 85 21 85 22 85 23 85 24 85 26 85 27 85 31 85 33 85 34 85 35 85 36 85 37 85 39 85 40 85 41 85 42 85 43 85 44 85 47 85 48 85 49 85 50 85 51 85 53 85 54 85 55 85 56 85 57 85 58 85 59 85 60 85 61 85 62 85 67 86 20 86 21 86 22 86 23 86 24 86 25 86 26 86 28 86 29 86 30 86 31 86 32 86 33 86 35 86 36 86 38 86 39 86 40 86 41 86 42 86 45 86 46 86 47 86 48 86 50 86 51 86 52 86 53 86 54 86 56 86 57 86 58 86 61 86 62 86 63 86 64 86 65 86 66 86 68 86 69 87 22 87 24 87 25 87 26 87 27 87 28 87 29 87 30 87 32 87 33 87 34 87 35 87 36 87 37 87 38 87 39 87 40 87 41 87 42 87 43 87 44 87 45 87 46 87 47 87 48 87 50 87 51 87 52 87 54 87 55 87 56 87 58 87 59 87 60 87 63 87 64 87 65 87 66 87 67 87 68 88 20 88 21 88 23 88 24 88 26 88 27 88 28 88 30 88 31 88 34 88 37 88 39 88 41 88 42 88 43 88 44 88 45 88 48 88 49 88 50 88 51 88 53 88 54 88 57 88 58 88 59 88 60 88 62 88 63 88 66 88 67 89 20 89 22 89 23 89 24 89 26 89 29 89 30 89 31 89 33 89 34 89 35 89 36 89 37 89 38 89 42 89 44 89 45 89 47 89 48 89 49 89 50 89 51 89 52 89 53 89 54 89 55 89 57 89 59 89 60 89 61 89 66 89 68 90 21 90 23 90 25 90 26 90 27 90 28 90 35 90 36 90 38 90 39 90 41 90 42 90 44 90 45 90 48 90 49 90 50 90 51 90 52 90 53 90 55 90 56 90 57 90 58 90 60 90 61 90 63 90 64 90 66 90 69 90 76 91 22 91 23 91 24 91 26 91 27 91 28 91 29 91 30 91 31 91 33 91 34 91 35 91 36 91 37 91 40 91 42 91 43 91 44 91 46 91 47 91 48 91 49 91 50 91 51 91 52 91 55 91 57 91 59 91 60 91 61 91 62 91 63 91 65 91 67 93 24 93 29 94 80 95 48 96 43 99 23
