10
10 3
60 90 100 110 240 40 30 60 30
60 120 140 200 120 100 60 60
90 110 170 100 100 30 90
50 110 40 80 90 90
70 30 50 90 90
100 140 180 120
40 90 40
100 20
70
A
P 240 6
P 120 4
P 240 5
P 60 4
P 200 6
P 180 1
P 180 1
H
H
7 1
34 155 209 140 114 59 
195 229 38 112 101 
188 74 99 71 
156 215 191 
138 75 
134 
A
P 183 3
P 174 2
P 178 9
P 91 8
H
H
4 1
174 211 108 
166 165 
185 
A
P 218 4
P 209 3
H
10 2
52 190 145 220 146 46 33 198 82 
233 229 102 65 129 175 108 111 
65 184 107 174 208 110 93 
101 46 203 95 218 135 
188 55 114 158 202 
36 204 60 150 
218 54 143 
232 35 
174 
A
P 94 10
P 180 4
P 81 9
P 112 3
P 171 2
P 221 6
P 238 9
H
H
6 2
81 226 53 50 198 
79 157 112 181 
162 221 200 
63 84 
173 
A
P 238 2
P 98 6
P 110 6
P 201 2
H
16 3
125 91 232 70 84 120 48 102 184 84 79 142 74 205 77 
167 82 197 50 122 78 106 189 196 80 86 127 224 208 
138 59 224 100 56 183 195 62 45 115 193 60 120 
78 195 208 159 230 75 38 82 122 83 130 73 
116 178 231 222 75 171 153 202 147 113 130 
203 106 55 49 202 50 186 179 163 215 
91 147 40 160 135 66 177 145 38 
238 60 48 169 236 169 140 226 
38 93 121 195 107 143 203 
58 119 207 150 187 179 
35 231 211 84 160 
155 74 147 181 
102 222 130 
196 147 
196 
A
P 132 3
P 40 9
P 99 3
P 63 6
P 189 10
P 127 5
P 180 2
P 167 3
P 113 2
P 32 8
P 232 3
P 154 6
P 192 1
H
H
16 3
102 167 159 138 113 93 206 179 65 158 187 110 228 162 155 
156 156 190 74 220 128 172 131 77 237 144 35 88 121 
86 47 213 155 226 196 133 215 62 73 48 110 213 
165 62 108 223 226 162 190 42 99 42 65 36 
233 209 126 118 234 119 55 123 120 198 38 
98 77 174 86 123 145 77 176 44 160 
89 165 227 207 196 81 79 224 231 
157 47 167 158 94 192 220 231 
211 133 212 134 114 73 200 
88 122 38 229 53 36 
104 68 132 224 60 
112 35 162 137 
144 47 37 
132 53 
163 
A
P 189 4
P 228 4
P 166 3
P 89 3
P 70 4
P 61 3
P 120 8
P 123 4
P 55 4
P 40 2
P 74 4
H
H
H
H
21 4
141 160 240 226 202 87 214 92 177 61 94 210 83 212 89 114 123 223 118 132 
202 105 121 200 179 221 145 205 194 210 215 93 117 236 82 213 209 200 204 
173 107 183 225 145 228 169 176 201 111 193 103 224 60 157 193 165 101 
159 132 122 108 134 235 151 166 78 132 143 163 84 180 183 221 177 
108 119 186 238 175 108 212 203 114 111 61 136 86 217 222 166 
142 202 103 113 96 79 133 190 216 194 81 99 216 134 174 
235 164 191 150 231 212 202 100 177 105 132 104 221 225 
202 113 98 84 220 166 225 198 159 88 240 65 163 
108 238 186 79 204 75 163 218 99 105 231 174 
217 107 113 61 209 229 116 216 100 103 123 
93 231 167 189 205 110 198 199 159 130 
148 127 133 190 66 111 172 102 210 
147 111 120 103 236 176 144 161 
147 204 192 238 138 61 168 
199 82 76 136 126 124 
68 168 186 62 100 
63 144 110 194 
179 174 230 
186 118 
170 
A
P 119 2
P 167 5
P 158 3
P 222 7
P 63 1
P 142 6
P 222 9
P 127 8
P 150 3
P 166 10
P 180 1
P 122 6
P 145 8
P 115 1
H
H
H
H
H
H
18 4
188 68 193 203 96 214 131 211 63 165 114 146 88 124 215 211 84 
233 113 100 193 192 98 125 168 180 93 208 164 184 236 128 160 
182 231 103 72 196 62 213 162 180 203 173 233 193 196 84 
201 104 98 155 70 201 149 218 200 97 81 77 158 230 
67 203 61 86 106 148 151 182 79 162 85 69 133 
135 186 167 94 66 174 230 95 200 118 72 108 
113 76 210 138 137 228 142 237 68 147 196 
97 62 169 213 139 96 149 184 148 76 
60 138 195 88 64 67 157 107 208 
206 97 222 216 200 180 125 83 
104 189 149 133 88 207 226 
233 132 159 84 158 71 
209 176 68 222 220 
139 168 62 61 
73 161 99 
210 117 
173 
A
P 210 7
P 131 6
P 143 2
P 165 7
P 182 6
P 105 3
P 171 4
P 93 7
P 107 3
P 214 7
P 169 10
P 65 6
P 233 3
P 68 4
P 154 7
H
H
35 3
110 200 196 119 144 201 85 218 142 108 120 198 116 200 181 120 182 132 211 75 138 145 108 213 105 90 62 137 228 63 235 139 198 104 
67 138 144 165 214 61 219 112 206 92 135 208 140 79 66 218 218 127 170 200 150 118 99 94 79 154 166 180 92 109 203 226 207 
87 204 217 136 109 218 114 191 128 85 75 110 156 75 146 124 145 92 151 151 109 113 150 103 154 65 88 85 222 201 63 135 
133 226 171 121 149 237 191 70 143 123 112 124 111 228 221 94 221 182 120 140 132 141 159 139 198 179 155 93 128 187 229 
114 133 135 108 138 120 151 228 203 224 68 170 109 225 147 66 79 160 201 147 232 111 113 192 167 200 83 101 81 162 
86 223 176 191 71 209 65 107 127 130 197 123 128 209 235 166 80 177 207 170 118 198 238 104 66 162 159 129 79 
101 86 91 136 120 171 65 184 209 196 146 97 176 197 211 180 98 225 131 236 186 238 139 110 134 215 133 176 
165 228 186 155 88 217 165 152 175 108 145 140 117 184 63 86 101 128 158 139 168 219 86 218 71 81 191 
211 112 140 178 173 109 135 81 141 60 112 69 62 103 176 120 153 209 127 174 94 179 110 68 106 116 
71 145 94 185 169 157 99 190 212 184 109 107 149 126 75 147 220 155 86 162 152 114 109 162 175 
220 211 155 220 93 236 98 91 191 77 153 195 64 224 167 197 227 135 83 176 120 206 175 133 
207 221 83 189 100 109 87 208 83 119 153 165 64 151 200 82 79 111 170 213 210 157 120 
79 176 172 154 93 118 86 98 75 144 209 142 227 113 90 188 167 148 150 94 180 229 
235 214 131 158 88 235 68 196 224 216 113 213 78 81 117 205 195 127 175 208 83 
68 194 62 218 69 83 226 220 113 123 177 175 230 220 205 205 183 116 221 211 
189 101 119 173 171 103 177 150 219 60 236 185 164 184 78 115 120 227 65 
175 156 186 71 224 77 196 117 222 210 180 180 154 211 66 182 198 194 
236 216 124 232 192 217 84 164 85 169 181 128 219 125 174 179 195 
125 119 202 184 138 215 156 238 187 77 203 135 101 189 100 146 
214 146 141 169 87 163 188 129 213 109 144 124 85 128 138 
131 86 185 76 196 101 187 240 236 233 66 182 128 90 
98 225 179 110 94 177 225 119 230 185 189 129 166 
141 75 132 232 186 148 90 207 172 134 152 81 
123 116 183 209 66 118 135 197 174 113 68 
232 143 119 171 182 99 95 86 110 185 
95 236 92 102 194 140 205 142 153 
235 141 217 168 131 99 76 93 
172 147 90 63 130 127 106 
222 72 239 238 215 99 
70 80 106 133 162 
232 199 130 204 
121 126 63 
178 206 
123 
A
P 219 10
P 133 3
P 123 9
P 153 9
P 202 4
P 226 8
P 138 5
P 207 2
P 74 2
P 75 1
P 91 4
P 201 3
P 172 2
P 127 4
P 207 7
P 135 6
P 104 10
P 105 1
P 208 3
P 148 5
P 60 8
P 233 1
P 120 3
P 150 4
P 143 6
P 178 6
H
H
H
H
H
H
H
H
26 5
189 134 147 131 230 165 212 133 122 211 136 233 164 207 167 197 188 176 121 231 162 132 124 214 179 
164 209 213 205 216 207 231 237 138 229 149 186 181 222 163 159 200 136 134 207 236 190 157 235 
201 169 128 210 135 192 165 171 124 160 202 213 185 235 144 179 224 133 123 145 169 208 178 
186 219 186 191 191 220 144 206 183 152 207 162 228 216 212 129 170 186 149 124 132 207 
128 207 132 227 180 171 198 136 187 212 210 140 212 160 129 160 212 166 162 233 160 
204 160 211 234 144 126 133 216 140 167 180 122 200 213 192 215 177 145 228 190 
210 166 163 148 123 202 146 157 159 155 162 163 226 149 166 221 133 180 201 
218 152 212 172 157 201 129 161 153 229 179 175 165 145 139 148 214 213 
185 144 237 123 174 184 219 160 144 199 128 148 187 136 128 240 164 
219 161 146 221 196 231 179 199 142 169 174 213 239 154 238 166 
189 194 168 207 201 198 139 120 203 189 155 196 191 120 127 
158 133 195 228 124 160 122 173 133 141 224 215 161 215 
213 179 213 163 144 223 173 159 178 233 150 212 215 
220 186 155 145 127 217 233 164 230 183 178 164 
176 225 202 200 218 214 212 212 121 152 240 
146 196 207 217 228 226 235 160 155 225 
232 220 211 220 191 227 183 213 158 
153 226 158 164 136 217 214 148 
142 183 158 198 123 127 201 
156 165 160 154 235 144 
136 181 146 141 148 
225 222 157 136 
217 224 153 
237 196 
145 
A
P 209 8
P 167 6
P 181 1
P 222 6
P 216 2
P 234 2
P 227 6
P 156 6
P 161 3
P 227 6
P 127 4
P 136 2
P 134 3
P 172 9
P 142 8
P 154 1
P 221 6
P 174 10
P 235 4
P 133 10
P 240 6
P 227 2
H
H
H
